0, 2.3333333333333335, 0.3333333333333335, -2.6666666666666665
1, 4.666666666666667, 0.666666666666667, -5.333333333333333
2, 5.0, -2.0, -3.0
3, 5.333333333333334, 0.3333333333333339, -5.666666666666666
4, 7.666666666666666, 0.6666666666666661, -8.333333333333334
5, 10.0, 1.0, -11.0
6, 7.333333333333332, 3.333333333333332, -10.666666666666668
7, 4.666666666666668, 5.666666666666668, -10.333333333333332
8, 2.0, 8.0, -10.0
9, 2.333333333333332, 5.333333333333332, -7.666666666666668
10, 2.666666666666668, 2.666666666666668, -5.333333333333332
11, 0.0, 5.0, -5.0
12, 0.3333333333333357, 2.3333333333333357, -2.6666666666666643
13, 0.6666666666666643, 4.666666666666664, -5.333333333333336
14, 1.0, 7.0, -8.0
15, 1.3333333333333357, 4.333333333333336, -5.666666666666664
16, 1.6666666666666643, 6.666666666666664, -8.333333333333336
17, 2.0, 4.0, -6.0
18, 2.3333333333333357, 1.3333333333333357, -3.6666666666666643
19, 2.6666666666666643, 3.6666666666666643, -6.333333333333336
20, 3.0, 1.0, -4.0
21, 3.3333333333333357, 3.3333333333333357, -6.666666666666664
22, 3.6666666666666643, 5.666666666666664, -9.333333333333336
23, 4.0, 3.0, -7.0
24, 1.3333333333333286, 3.3333333333333286, -4.666666666666671
25, 1.6666666666666714, 5.666666666666671, -7.333333333333329
26, 2.0, 3.0, -5.0
27, 2.3333333333333286, 5.333333333333329, -7.666666666666671
28, 2.6666666666666714, 7.666666666666671, -10.333333333333329
29, 3.0, 5.0, -8.0
30, 3.3333333333333286, 7.333333333333329, -10.666666666666671
31, 3.6666666666666714, 4.666666666666671, -8.333333333333329
32, 4.0, 2.0, -6.0
33, 4.333333333333329, -0.6666666666666714, -3.6666666666666714
34, 4.666666666666671, -3.3333333333333286, -1.3333333333333286
35, 5.0, -6.0, 1.0
36, 2.3333333333333286, -5.666666666666671, 3.3333333333333286
37, 4.666666666666671, -5.333333333333329, 0.6666666666666714
38, 7.0, -5.0, -2.0
39, 4.333333333333329, -2.6666666666666714, -1.6666666666666714
40, 4.666666666666671, -0.3333333333333286, -4.333333333333329
41, 2.0, 2.0, -4.0
42, 2.3333333333333286, 4.333333333333329, -6.666666666666671
43, -0.3333333333333286, 6.666666666666671, -6.333333333333329
44, -3.0, 9.0, -6.0
45, -5.666666666666671, 11.333333333333329, -5.666666666666671
46, -8.333333333333329, 13.666666666666671, -5.333333333333329
47, -8.0, 16.0, -8.0
48, -7.666666666666657, 18.333333333333343, -10.666666666666657
49, -7.333333333333343, 15.666666666666657, -8.333333333333343
50, -7.0, 13.0, -6.0
51, -6.666666666666657, 10.333333333333343, -3.666666666666657
52, -6.333333333333343, 12.666666666666657, -6.333333333333343
53, -6.0, 15.0, -9.0
54, -5.666666666666657, 12.333333333333343, -6.666666666666657
55, -5.333333333333343, 14.666666666666657, -9.333333333333343
56, -5.0, 12.0, -7.0
57, -4.666666666666657, 14.333333333333343, -9.666666666666657
58, -4.333333333333343, 16.666666666666657, -12.333333333333343
59, -4.0, 19.0, -15.0
60, -3.666666666666657, 16.333333333333343, -12.666666666666657
61, -3.333333333333343, 13.666666666666657, -10.333333333333343
62, -3.0, 11.0, -8.0
63, -2.666666666666657, 13.333333333333343, -10.666666666666657
64, -2.333333333333343, 10.666666666666657, -8.333333333333343
65, -2.0, 8.0, -6.0
66, -1.6666666666666572, 10.333333333333343, -8.666666666666657
67, -1.3333333333333428, 12.666666666666657, -11.333333333333343
68, -1.0, 10.0, -9.0
69, -0.6666666666666572, 12.333333333333343, -11.666666666666657
70, -0.3333333333333428, 9.666666666666657, -9.333333333333343
71, 0.0, 12.0, -12.0
72, 0.3333333333333428, 14.333333333333343, -14.666666666666657
73, 0.6666666666666572, 11.666666666666657, -12.333333333333343
74, 1.0, 9.0, -10.0
75, 1.3333333333333428, 6.333333333333343, -7.666666666666657
76, 1.6666666666666572, 3.666666666666657, -5.333333333333343
77, 2.0, 1.0, -3.0
78, 2.333333333333343, -1.6666666666666572, -0.6666666666666572
79, 2.666666666666657, -4.333333333333343, 1.6666666666666572
80, 3.0, -7.0, 4.0
81, 3.333333333333343, -9.666666666666657, 6.333333333333343
82, 3.666666666666657, -7.333333333333343, 3.666666666666657
83, 4.0, -5.0, 1.0
84, 4.333333333333343, -7.666666666666657, 3.333333333333343
85, 4.666666666666657, -5.333333333333343, 0.6666666666666572
86, 5.0, -8.0, 3.0
87, 5.333333333333343, -10.666666666666657, 5.333333333333343
88, 5.666666666666657, -13.333333333333343, 7.666666666666657
89, 6.0, -16.0, 10.0
90, 6.333333333333343, -18.666666666666657, 12.333333333333343
91, 6.666666666666657, -21.333333333333343, 14.666666666666657
92, 7.0, -19.0, 12.0
93, 7.333333333333343, -21.666666666666657, 14.333333333333343
94, 7.666666666666657, -24.333333333333343, 16.666666666666657
95, 5.0, -22.0, 17.0
96, 5.333333333333314, -24.666666666666686, 19.333333333333314
97, 5.666666666666686, -22.333333333333314, 16.666666666666686
98, 6.0, -25.0, 19.0
99, 6.333333333333314, -27.666666666666686, 21.333333333333314
100, 3.6666666666666856, -27.333333333333314, 23.666666666666686
101, 4.0, -30.0, 26.0
102, 4.333333333333314, -27.666666666666686, 23.333333333333314
103, 4.666666666666686, -25.333333333333314, 20.666666666666686
104, 5.0, -28.0, 23.0
105, 5.333333333333314, -30.666666666666686, 25.333333333333314
106, 5.666666666666686, -33.333333333333314, 27.666666666666686
107, 6.0, -36.0, 30.0
108, 6.333333333333314, -33.666666666666686, 27.333333333333314
109, 3.6666666666666856, -33.333333333333314, 29.666666666666686
110, 1.0, -33.0, 32.0
111, 1.3333333333333144, -35.666666666666686, 34.333333333333314
112, 1.6666666666666856, -38.333333333333314, 36.666666666666686
113, 2.0, -41.0, 39.0
114, 4.333333333333314, -43.666666666666686, 39.333333333333314
115, 4.666666666666686, -41.333333333333314, 36.666666666666686
116, 2.0, -41.0, 39.0
117, 2.3333333333333144, -43.666666666666686, 41.333333333333314
118, 2.6666666666666856, -46.333333333333314, 43.666666666666686
119, 0.0, -46.0, 46.0
120, 0.3333333333333144, -48.666666666666686, 48.333333333333314
121, 0.6666666666666856, -51.333333333333314, 50.666666666666686
122, -2.0, -49.0, 51.0
123, -1.6666666666666856, -51.666666666666686, 53.333333333333314
124, -1.3333333333333144, -49.333333333333314, 50.666666666666686
125, -1.0, -52.0, 53.0
126, -3.6666666666666856, -51.666666666666686, 55.333333333333314
127, -3.3333333333333144, -54.333333333333314, 57.666666666666686
128, -6.0, -54.0, 60.0
129, -5.666666666666686, -56.666666666666686, 62.333333333333314
130, -5.333333333333314, -59.333333333333314, 64.66666666666669
131, -3.0, -59.0, 62.0
132, -5.666666666666686, -58.666666666666686, 64.33333333333331
133, -8.333333333333314, -58.333333333333314, 66.66666666666669
134, -6.0, -58.0, 64.0
135, -8.666666666666686, -57.666666666666686, 66.33333333333331
136, -8.333333333333314, -60.333333333333314, 68.66666666666669
137, -8.0, -58.0, 66.0
138, -5.666666666666686, -57.666666666666686, 63.333333333333314
139, -3.3333333333333144, -57.333333333333314, 60.666666666666686
140, -1.0, -60.0, 61.0
141, -3.6666666666666856, -59.666666666666686, 63.333333333333314
142, -3.3333333333333144, -62.333333333333314, 65.66666666666669
143, -1.0, -65.0, 66.0
144, -0.6666666666666856, -67.66666666666669, 68.33333333333331
145, -0.3333333333333144, -70.33333333333331, 70.66666666666669
146, 2.0, -73.0, 71.0
147, 2.3333333333333144, -75.66666666666669, 73.33333333333331
148, 2.6666666666666856, -78.33333333333331, 75.66666666666669
149, 0.0, -76.0, 76.0
150, -2.6666666666666856, -73.66666666666669, 76.33333333333331
151, -0.3333333333333144, -73.33333333333331, 73.66666666666669
152, 2.0, -73.0, 71.0
153, 2.3333333333333144, -75.66666666666669, 73.33333333333331
154, 2.6666666666666856, -78.33333333333331, 75.66666666666669
155, 3.0, -81.0, 78.0
156, 3.3333333333333144, -83.66666666666669, 80.33333333333331
157, 5.666666666666686, -83.33333333333331, 77.66666666666669
158, 8.0, -86.0, 78.0
159, 5.333333333333314, -85.66666666666669, 80.33333333333331
160, 2.6666666666666856, -83.33333333333331, 80.66666666666669
161, 5.0, -83.0, 78.0
162, 7.333333333333314, -82.66666666666669, 75.33333333333331
163, 4.666666666666686, -80.33333333333331, 75.66666666666669
164, 5.0, -83.0, 78.0
165, 2.3333333333333144, -82.66666666666669, 80.33333333333331
166, 4.666666666666686, -82.33333333333331, 77.66666666666669
167, 2.0, -82.0, 80.0
168, -0.6666666666666856, -81.66666666666669, 82.33333333333331
169, -0.3333333333333144, -79.33333333333331, 79.66666666666669
170, -3.0, -79.0, 82.0
171, -0.6666666666666856, -78.66666666666669, 79.33333333333331
172, -3.3333333333333144, -78.33333333333331, 81.66666666666669
173, -6.0, -78.0, 84.0
174, -8.666666666666686, -77.66666666666669, 86.33333333333331
175, -6.333333333333314, -77.33333333333331, 83.66666666666669
176, -9.0, -77.0, 86.0
177, -11.666666666666686, -76.66666666666669, 88.33333333333331
178, -9.333333333333314, -76.33333333333331, 85.66666666666669
179, -7.0, -76.0, 83.0
180, -9.666666666666686, -75.66666666666669, 85.33333333333331
181, -12.333333333333314, -75.33333333333331, 87.66666666666669
182, -10.0, -75.0, 85.0
183, -7.666666666666686, -74.66666666666669, 82.33333333333331
184, -7.333333333333314, -77.33333333333331, 84.66666666666669
185, -10.0, -77.0, 87.0
186, -12.666666666666686, -76.66666666666669, 89.33333333333331
187, -15.333333333333314, -74.33333333333331, 89.66666666666669
188, -18.0, -74.0, 92.0
189, -20.666666666666686, -71.66666666666669, 92.33333333333331
190, -20.333333333333314, -69.33333333333331, 89.66666666666669
191, -23.0, -69.0, 92.0
192, -25.66666666666663, -68.66666666666663, 94.33333333333337
193, -28.33333333333337, -66.33333333333337, 94.66666666666663
194, -26.0, -66.0, 92.0
195, -28.66666666666663, -65.66666666666663, 94.33333333333337
196, -31.33333333333337, -65.33333333333337, 96.66666666666663
197, -34.0, -65.0, 99.0
198, -36.66666666666663, -64.66666666666663, 101.33333333333337
199, -36.33333333333337, -67.33333333333337, 103.66666666666663
200, -39.0, -65.0, 104.0
201, -38.66666666666663, -62.66666666666663, 101.33333333333337
202, -38.33333333333337, -60.33333333333337, 98.66666666666663
203, -41.0, -58.0, 99.0
204, -40.66666666666663, -60.66666666666663, 101.33333333333337
205, -40.33333333333337, -58.33333333333337, 98.66666666666663
206, -43.0, -58.0, 101.0
207, -40.66666666666663, -57.66666666666663, 98.33333333333337
208, -43.33333333333337, -57.33333333333337, 100.66666666666663
209, -43.0, -60.0, 103.0
210, -45.66666666666663, -57.66666666666663, 103.33333333333337
211, -45.33333333333337, -60.33333333333337, 105.66666666666663
212, -43.0, -60.0, 103.0
213, -40.66666666666663, -59.66666666666663, 100.33333333333337
214, -38.33333333333337, -62.33333333333337, 100.66666666666663
215, -36.0, -62.0, 98.0
216, -38.66666666666663, -59.66666666666663, 98.33333333333337
217, -38.33333333333337, -62.33333333333337, 100.66666666666663
218, -38.0, -60.0, 98.0
219, -40.66666666666663, -59.66666666666663, 100.33333333333337
220, -43.33333333333337, -59.33333333333337, 102.66666666666663
221, -41.0, -59.0, 100.0
222, -40.66666666666663, -56.66666666666663, 97.33333333333337
223, -40.33333333333337, -54.33333333333337, 94.66666666666663
224, -38.0, -54.0, 92.0
225, -40.66666666666663, -53.66666666666663, 94.33333333333337
226, -43.33333333333337, -51.33333333333337, 94.66666666666663
227, -46.0, -51.0, 97.0
228, -45.66666666666663, -53.66666666666663, 99.33333333333337
229, -45.33333333333337, -51.33333333333337, 96.66666666666663
230, -45.0, -54.0, 99.0
231, -47.66666666666663, -53.66666666666663, 101.33333333333337
232, -47.33333333333337, -56.33333333333337, 103.66666666666663
233, -50.0, -54.0, 104.0
234, -49.66666666666663, -51.66666666666663, 101.33333333333337
235, -52.33333333333337, -49.33333333333337, 101.66666666666663
236, -52.0, -52.0, 104.0
237, -51.66666666666663, -54.66666666666663, 106.33333333333337
238, -51.33333333333337, -57.33333333333337, 108.66666666666663
239, -49.0, -57.0, 106.0
240, -46.66666666666663, -59.66666666666663, 106.33333333333337
241, -49.33333333333337, -59.33333333333337, 108.66666666666663
242, -47.0, -59.0, 106.0
243, -46.66666666666663, -61.66666666666663, 108.33333333333337
244, -49.33333333333337, -61.33333333333337, 110.66666666666663
245, -49.0, -59.0, 108.0
246, -51.66666666666663, -58.66666666666663, 110.33333333333337
247, -49.33333333333337, -58.33333333333337, 107.66666666666663
248, -49.0, -61.0, 110.0
249, -48.66666666666663, -63.66666666666663, 112.33333333333337
250, -48.33333333333337, -61.33333333333337, 109.66666666666663
251, -46.0, -61.0, 107.0
252, -45.66666666666663, -63.66666666666663, 109.33333333333337
253, -43.33333333333337, -66.33333333333337, 109.66666666666663
254, -46.0, -66.0, 112.0
255, -43.66666666666663, -65.66666666666663, 109.33333333333337
256, -46.33333333333337, -63.33333333333337, 109.66666666666663
257, -44.0, -63.0, 107.0
258, -43.66666666666663, -65.66666666666663, 109.33333333333337
259, -43.33333333333337, -63.33333333333337, 106.66666666666663
260, -46.0, -61.0, 107.0
261, -43.66666666666663, -60.66666666666663, 104.33333333333337
262, -41.33333333333337, -60.33333333333337, 101.66666666666663
263, -44.0, -60.0, 104.0
264, -46.66666666666663, -59.66666666666663, 106.33333333333337
265, -46.33333333333337, -57.33333333333337, 103.66666666666663
266, -44.0, -57.0, 101.0
267, -41.66666666666663, -56.66666666666663, 98.33333333333337
